mot; occurrence
ont; 3
quatre; 2
grossit; 1
manqua; 1
prédicateur; 1
vis-à-vis; 1
effacer; 1
homme; 16
annonçai; 1
guirlandes; 1
arche; 1
changement; 1
humiliantes; 1
préviens; 2
enfonça; 2
tracé; 1
ramener; 1
contenterai; 1
espagnol; 3
aboiement; 1
fixais; 1
tut; 6
jaillirent; 1
contractaient; 1
gambada; 1
glacé; 1
condamner; 1
ordonnai; 2
tes; 2
a; 23
difficile; 2
voisin; 2
semblaient; 2
proposai; 1
deux; 16
mot; 1
avais; 16
pieds; 10
fièrement; 1
charpie; 1
frères; 1
délier; 2
finissiez; 1
fermée; 1
frémis; 2
allez; 1
poignard; 1
enlevèrent; 1
voyant; 3
facilement; 1
rabat; 1
chasuble; 1
prirent; 2
vieux; 12
capitaine; 65
avantageusement; 1
jean-françois; 1
hautain; 1
exposant; 1
arrêté; 2
levèrent; 1
croisaient; 1
nouvelles; 1
couvre; 1
reconnaissance; 2
inspirait; 1
esclaves; 8
rêver; 2
main; 30
singulière; 4
repos; 1
conçu; 1
parurent; 1
gardiens; 1
demander; 3
épargner; 1
ronces; 1
lier; 4
goûtez; 2
retirés; 2
couru; 1
traversait; 1
apparents; 1
cherchai; 1
chemin; 4
fûmes; 3
payens; 1
feuille; 2
opposait; 1
indifférente; 1
oncle; 32
indifférence; 2
levai; 3
cruelle; 1
totale; 1
ôta; 1
chargea; 1
pont; 2
pas; 109
drapeau; 10
mouvement; 2
avez; 3
agréablement; 1
sucre; 1
durée; 1
exiger; 1
éclat; 2
regardait; 3
vis; 5
seras; 1
lointains; 2
lièrent; 1
traversai; 1
passant; 4
suit; 1
décharge; 1
lentement; 2
huit; 4
rendu; 2
ordonnant; 1
contemplait; 2
cause; 6
ouverture; 6
regret; 3
généreux; 2
raffinement; 1
comprendre; 1
distinguer; 4
voulut; 3
attribuâmes; 1
feux; 3
informer; 1
délivrer; 5
jamais; 6
certainement; 1
mécontentement; 1
fond; 2
involontairement; 1
tressaillit; 2
songeai; 1
court; 4
largeur; 3
moustache; 1
malheurs; 2
rosée; 1
être; 12
raillerie; 1
laisser; 4
petit; 1
aboiements; 2
crie; 1
sort; 1
frayé; 1
lever; 1
gouttes; 1
nouvelle; 2
colonies; 1
rapidité; 1
courageux; 1
révolution; 1
croître; 1
connaissances; 2
forces; 2
cigare; 2
inspirer; 1
idée; 7
soldat; 1
attaque; 1
donjon; 1
retourner; 2
ému; 4
fléau; 1
servi; 1
éclairât; 1
juré; 1
confus; 1
pût; 1
situé; 1
parcourir; 1
jaune; 3
reconnais; 1
extraordinaires; 1
desquels; 1
vaisseaux; 1
seule; 1
vendu; 1
précipitamment; 2
force; 4
puisqu’; 2
mutilés; 1
efforts; 1
cœur; 4
époque; 1
agitant; 1
échappait; 1
majesté; 1
arbre; 3
étais; 24
demeurai; 2
cas; 3
élevée; 2
tellement; 1
devint; 1
déploie; 1
chargé; 2
recherches; 1
conduisit; 1
lente; 1
poussière; 1
cornu; 2
progrès; 1
bonnet; 1
était; 121
étroite; 1
demanda; 7
jaillissait; 1
savaient; 1
pleines; 1
espérer; 1
pénétrai; 1
dévotes; 1
levant; 2
rendit; 3
petits; 1
siffla; 1
retomba; 1
répandaient; 1
lâcha; 1
milords; 1
indiquait; 1
tien; 1
dénouement; 1
abord; 3
détachés; 1
bug-jargal.extrait; 1
croyaient; 1
oppressés; 1
singulières; 1
voilà; 10
accidentel; 1
sitôt; 1
riposter; 1
semblent; 1
rang; 1
ajouta; 10
venu; 3
inutile; 1
ensanglanté; 1
battait; 1
sujet; 2
porto; 1
vide; 1
furieuse; 1
regardaient; 2
culte; 1
bataille; 4
pensif; 2
inégal; 1
azur; 1
énormes; 1
successivement; 1
sinon; 1
ferait; 1
illusion; 1
prenaient; 1
telle; 1
si; 4
passa; 3
plutôt; 2
arrêter; 1
étendit; 2
paraître; 4
envoyé; 1
muscles; 1
rougir; 1
outré; 1
terre; 3
contemplant; 2
jouer; 1
sauts; 1
décelaient; 1
malheureuses; 1
toujours; 7
intention; 1
guitare; 1
trompez; 1
trois; 1
original; 1
douloureux; 1
suivait; 2
as; 19
précipice; 1
dus; 1
désastres; 2
horizon; 2
avait; 41
jura; 1
comment; 9
placé; 1
porte; 4
servir; 1
bug; 33
sentinelles; 1
entraîné; 1
catastrophe; 1
avoir; 13
environnait; 1
fusillade; 1
prenez; 1
cru; 2
galonnée; 1
hache; 6
accablés; 1
échappèrent; 1
moindre; 1
parlât; 1
mystère; 1
indiqua; 1
roches; 1
durer; 1
animé; 1
firent; 1
poing; 1
voudrez; 1
teint; 1
bon; 7
monter; 1
mille; 5
étendant; 1
jurait; 1
imitèrent; 1
bruns; 1
commandés; 1
larme; 1
assistait; 1
poignée; 1
tombaient; 1
abattîmes; 1
jeunesse; 1
réunies; 1
écharpe; 1
moins; 8
résonnèrent; 1
suspendaient; 1
renfort; 1
gloire; 1
voix; 11
tu; 48
dragons; 7
compatriotes; 2
pardonnes; 1
sol; 1
plein; 1
mélange; 2
reproche; 1
menaçaient; 1
rayons; 1
étonné; 3
hausse; 1
munition; 1
tentes; 2
régnait; 2
ah; 4
questions; 1
jambe; 1
suffisait; 1
ramené; 1
saluer; 1
fronts; 1
laissèrent; 1
attention; 3
salle; 1
demain; 5
partir; 2
traitements; 1
énergique; 1
grossière; 1
lui; 1
dépeint; 1
empêcher; 5
fallait; 2
goûter; 1
trente-septième; 1
loin; 2
colère; 6
moyenne; 1
referma; 1
entouraient; 2
sucrerie; 1
déchirait; 1
jappa; 1
thad; 4
rapporta; 2
flotter; 1
longtemps; 6
décliner; 1
libre; 5
barbares; 1
écorce; 2
suivit; 2
montagnes; 6
dirais; 1
plaisir; 3
achevèrent; 1
remuaient; 1
massacré; 1
bouche; 1
pourquoi; 6
retira; 2
affirmatif; 1
renforça; 1
obtins; 1
commandant; 1
croisant; 1
acharnement; 1
oses; 2
fin; 1
fixer; 1
tendit; 3
serra; 1
avertit; 3
envers; 2
put; 4
hésitation; 1
emmener; 1
donnaient; 1
connu; 2
épaulettes; 1
éloigné; 1
marché; 1
mouillé; 1
suis; 23
écria; 6
dangereusement; 1
répliqua; 1
courusse; 1
vraiment; 2
brides; 1
laine; 1
découvre; 1
laissais; 1
appeler; 2
insupportable; 1
espagne; 1
borner; 1
irascible; 1
ensuivit; 1
brisa; 1
cuivré; 1
aggravée; 1
espérait; 1
arracher; 1
éloge; 1
circonstances; 1
savait; 1
sauver; 3
vent; 3
aisément; 1
roue; 2
frère; 24
impression; 1
affaire; 1
fixe; 1
donnée; 1
serai; 1
air; 24
pénibles; 1
merci; 3
sévère; 1
joignant; 1
port-margot; 1
auquel; 2
entendis; 5
ordinaire; 3
vieille; 2
contentant; 1
chargés; 3
roula; 1
évacués; 1
lèvres; 4
inaction; 1
disait; 1
condition; 3
danse; 1
chef; 9
capital; 1
crus; 3
danger; 1
aiguë; 1
devons; 1
serrai; 1
instruments; 2
enraciné; 1
ami; 3
mélancolique; 1
adoré; 1
entrer; 2
voisins; 4
champs; 3
atteint; 1
gouffres; 1
anciennes; 1
fleuve; 3
limonade; 1
quart; 1
puissante; 1
accoutumé; 1
caverne; 1
obscurité; 1
commandais; 1
pourront; 1
grotte; 3
asseoir; 1
produit; 1
pêle-mêle; 2
essayer; 2
pelotons; 1
signal; 3
favorisés; 1
brûlé; 1
mulâtres; 4
ans; 3
affreux; 2
quand; 1
dattiers; 2
défendu; 1
appela; 1
nigaud; 1
plus; 59
doutai; 1
flots; 1
conçus; 1
massacrés; 2
rongé; 1
redingote; 3
comble; 1
mâle; 1
sonnette; 1
joie; 6
nombreuse; 1
paru; 1
autant; 1
mauvais; 2
offres; 1
hâta; 1
dragon; 2
aurait; 11
bonheur; 1
arrêterai; 1
balles; 3
intérieur; 2
existe; 1
entières; 1
fusillades; 1
détrompai; 1
donnerait; 2
faites; 3
buissons; 2
élançai; 1
tenir; 2
justement; 2
emparèrent; 1
qu’; 10
toit; 1
pistolet; 3
privilégiés; 1
sérieux; 2
ridicule; 1
crevasse; 4
oui; 14
croyons; 1
poste; 1
prit; 10
bourreau; 2
élurent; 1
eaux; 1
occident; 1
ravages; 2
durs; 1
respect; 5
perdait; 1
toile; 1
promesse; 3
nombre; 1
entra; 1
noix; 3
répandit; 1
enveloppa; 1
terrible; 2
effrayé; 1
franchi; 1
porter; 3
lieu; 5
isolée; 1
éplucher; 1
navires; 1
abîme; 3
récentes; 1
répandue; 1
seulement; 4
allaient; 4
entendit; 1
susceptibles; 1
confondu; 1
croyais; 6
cria; 10
hâte; 1
alarmait; 1
grenade; 1
devait; 4
contes; 1
commettre; 2
dominait; 1
content; 1
chant; 1
engagement; 1
gorge; 3
furieusement; 1
clameurs; 3
trouvait; 4
pourriez; 1
froidement; 5
sous-officier; 1
entraîna; 1
paraissaient; 1
caleçon; 1
fleuri; 1
blessures; 1
endormis; 1
rentrâmes; 1
envoya; 1
bottes; 1
souvenir; 1
peut; 2
gravement; 1
gouverneur; 1
blanc; 6
militaires; 1
ai; 33
matin; 5
soulevant; 1
entière; 1
demi; 3
menus; 1
cassé; 3
promenais; 2
entouré; 1
aussi; 19
parcourait; 1
voisines; 3
gémissements; 1
sois; 1
doutes; 3
feu; 4
bosquet; 2
monde; 2
disais; 2
obligés; 1
cours; 1
gaiement; 1
naturelle; 1
assassin; 2
détournai; 1
os; 1
partager; 1
imminent; 1
afin; 1
flèches; 2
manquai; 1
assîmes; 1
écrasa; 1
voulus; 2
mesurés; 1
montâmes; 1
commandait; 1
perroquet; 1
fredonner; 1
ordonna; 2
fumée; 5
jour; 18
colons; 4
verdoyantes; 1
tour; 2
révérence; 1
direct; 1
vallées; 2
enveloppées; 1
abandonnèrent; 1
repartir; 1
obéir; 3
vaut; 2
abîmé; 1
hilarité; 1
paraissait; 6
boukmann; 3
demandai; 4
nagions; 1
accroître; 1
enfance; 1
désarmèrent; 1
complètement; 1
bleu; 1
souper; 1
compagnons; 3
environs; 2
avertir; 1
féconde; 1
présent; 3
siens; 2
mugissement; 1
saisir; 2
caractère; 2
conduit; 2
vînt; 1
immobiles; 1
amas; 1
vengeance; 3
secouer; 1
regard; 7
soit; 2
renforcées; 1
chercher; 2
seuls; 3
décachetées; 1
épaulette; 2
tonnante; 1
adieu; 4
marchait; 1
parlé; 2
toute; 6
désormais; 1
ordres; 3
pouvait; 3
élance; 1
voiles; 1
second; 1
brisés; 1
arme; 1
expiraient; 1
repousser; 1
pousser; 2
soutenait; 1
ingénieux; 1
auréoles; 1
dattes; 1
plain; 1
figure; 4
tira; 1
prisonniers; 1
assiégeaient; 1
aspect; 3
maltraités; 1
eurent; 1
jetant; 3
manière; 3
hallier; 1
creusé; 1
continuer; 1
distinctement; 1
poitrine; 4
paix; 1
entier; 1
boue; 1
étroit; 1
sentez; 1
droite; 3
aime; 1
mulâtre; 1
debout; 4
traversâmes; 1
endormi; 1
message; 1
poussant; 2
large; 2
riant; 1
pierrot; 29
cèdres; 1
caractéristiques; 1
armé; 1
dû; 4
sentais; 3
lorsqu’; 2
allemagne; 1
serein; 1
chaudement; 1
pouvoir; 4
retrouvé; 2
pauvre; 13
voulait; 3
mieux; 6
suivirent; 1
ardent; 1
grue; 1
fixait; 1
punitions; 1
couchant; 1
répondre; 3
retranchements; 2
balbutia; 2
rentrait; 1
couverts; 1
difficilement; 1
delmar; 27
thadée; 34
temps; 15
couleur; 2
alarme; 2
soulager; 1
côtés; 1
plaindre; 1
plains; 2
quelquefois; 1
serrer; 1
déterminé; 1
usage; 1
dites; 5
instant; 10
approcha; 1
fortement; 2
donnait; 1
disparurent; 1
bras; 22
promptement; 1
grands; 3
couvraient; 1
entourèrent; 1
prêtât; 1
trahison; 1
infernal; 1
récoltes; 1
longue; 1
fourgon; 1
prenant; 1
parlaient; 1
remarquant; 2
fleur; 1
indécis; 1
rayé; 1
regarda; 6
pouces; 1
dépouillé; 2
humides; 2
extraordinaire; 5
humble; 1
avouerai; 1
souffert; 1
reconnus; 4
soudain; 3
roulaient; 1
éveillant; 1
violence; 3
essoufflé; 2
version; 1
ait; 2
tous; 20
prison; 1
sarcelle; 1
cherchait; 1
dangereuse; 2
coururent; 1
arbustes; 1
chefs; 1
brouillés; 1
vint; 9
service; 1
épaisses; 2
sortît; 1
espérant; 1
anglais; 4
cachée; 1
chasser; 1
biassou; 18
situation; 1
formèrent; 1
communs; 1
exécuter; 2
répéta; 5
active; 1
cela; 1
semés; 1
manquait; 1
arbuste; 1
coupable; 1
souriant; 1
saisis; 1
ascendant; 1
totalement; 1
jetai; 1
reculer; 1
piastres; 1
frappés; 1
accusation; 1
tremblai; 1
gravîmes; 1
inventaient; 1
emporta; 1
vinrent; 1
cou; 4
nuit; 5
trouvée; 1
saigner; 1
vue; 8
mourir; 4
race; 1
richesses; 2
présence; 3
prise; 1
détachant; 1
promets; 1
contrée; 1
drôle; 1
respectueuse; 2
revint; 4
puni; 1
fils; 9
mis; 1
alors; 11
journées; 1
accusé; 1
soir; 5
bonsoir; 1
doux; 4
soupirail; 3
têtes; 2
obscurcie; 1
1791; 1
victoire; 1
coali; 1
trouva; 1
devinrent; 1
épiphonème; 1
raconter; 1
lugubre; 1
…; 17
dog; 3
impatience; 2
répétait; 2
affection; 1
obtenais; 1
alla; 2
furieux; 2
minutes; 3
soin; 2
consolé; 1
nus; 2
innocence; 1
recommença; 1
jaunes; 5
manquaient; 1
ouvrait; 1
ogé; 1
cherchèrent; 1
appuie; 1
considéra; 1
parut; 10
trouvé; 4
vengerait; 1
bétail; 1
voici; 3
plu; 1
là; 15
débattais; 1
égaré; 1
voyait; 1
hérissaient; 1
tirer; 3
dogue; 8
adouci; 1
suivi; 1
attachée; 1
remercie; 2
est; 49
involontaire; 1
vainquirent; 1
revers; 1
autres; 11
demandait; 1
maison; 1
dix-sept; 2
casque; 1
mains; 3
mourrez; 1
voyez; 5
apaisa; 1
changé; 1
consoler; 1
voyons; 1
échappé; 1
chapeau; 1
hâter; 1
suivis; 2
surpris; 4
amis; 1
inexpliqué; 1
resserrée; 1
ailleurs; 1
inutilement; 1
oubliai; 1
lieux; 2
exécution; 3
fameux; 1
neige; 1
papayer; 1
faite; 2
transporté; 1
pénétré; 2
nager; 2
immenses; 1
agiter; 1
tandis; 9
déplorable; 2
dominé; 1
aboya; 1
pensez; 2
dirigeait; 1
marche; 3
tenait; 2
tapis; 1
yo; 1
plainte; 1
maintenant; 3
endurci; 1
noble; 1
pénétrait; 1
tort; 1
sortit; 3
léogri; 5
connue; 1
légère; 1
messieurs; 11
imposant; 2
embrasèrent; 1
écriai; 4
connaissais; 1
empressait; 1
rapports; 1
attendant; 2
rage; 3
coups; 4
poursuis; 1
chagrin; 1
costume; 1
chirurgien; 1
inquiet; 6
redoublaient; 1
glissé; 1
imposer; 1
fâché; 2
noircis; 1
conserver; 1
conversant; 1
boîtant; 1
couvrit; 1
sautai; 1
dos; 3
répondis; 4
ville; 4
veines; 1
signe; 4
arrivât; 1
appuyé; 1
méridienne; 1
grâce; 3
entrevîmes; 1
précipitent; 1
flammes; 6
avancions; 1
inexplicable; 1
nomment; 1
audace; 1
continuez; 1
moitié; 3
inédit; 1
sabre; 4
inquiéter; 2
habitants; 1
nouveau; 2
boiteux; 5
rassembler; 1
corne; 2
continuaient; 1
mouillés; 1
trouvèrent; 1
dessus; 1
riches; 1
doit; 3
voyageur; 1
mouvements; 2
confusion; 1
soulevé; 1
moi; 3
torrent; 6
nassé; 3
noyer; 1
visite; 1
allait; 3
valent; 1
vois; 8
livraisons; 1
constituaient; 1
lieutenant; 7
reste; 5
célèbre; 1
passâmes; 1
prononce; 1
fortifia; 1
punirent; 1
agrès; 1
révoltèrent; 1
douleur; 1
essuyant; 1
stupéfait; 1
partie; 5
doucement; 3
calmer; 1
balle; 4
calavas; 1
hurlement; 1
démarche; 1
acharnait; 1
conçut; 1
défenseur; 1
pâles; 1
fuyaient; 1
unique; 1
uniforme; 3
tôt; 1
réveille; 1
ferai; 1
dompter; 1
travers; 4
mère; 1
pierres; 2
entendais; 1
entrevue; 1
sombre; 7
arbres; 3
excita; 1
sac; 1
cabrouets; 1
manger; 4
volontaires; 1
venais; 3
rêves; 1
geste; 6
mêmes; 2
plaît; 2
amenait; 1
bonjour; 1
inconnu; 1
parvenu; 1
établir; 1
randia; 2
baissa; 1
champ; 1
enflammée; 1
pied; 5
jugez; 1
rire; 5
mécontent; 1
autre; 9
marcher; 3
tout; 18
partis; 1
haches; 1
regardant; 2
battant; 1
flexibles; 1
tienne; 2
coucha; 1
pouvons; 1
vit; 1
écraser; 1
encore; 30
officier; 3
pleurer; 1
battions; 1
serait; 5
diras; 1
pic; 9
sais; 6
créole; 1
factionnaire; 1
penserait; 1
remuer; 1
murmura; 3
ricanant; 2
subir; 2
souterrain; 1
inquiétude; 2
jambes; 1
tapissé; 1
descendait; 2
laissai; 1
joindre; 1
défendait; 1
érables; 1
regarde; 1
adresser; 1
devais; 2
soient; 1
beau; 2
proposa; 1
poncignon; 1
—; 17
masses; 1
maigné; 1
laisserez; 1
lignes; 1
quittai; 1
flétri; 1
housse; 1
doutât; 1
étaient; 27
dérobée; 1
étonnant; 1
sentier; 2
pendu; 3
sortîmes; 1
voir; 17
certaine; 1
gaies; 1
pouvant; 2
aviez; 1
écoute; 8
trait; 5
neveu; 1
saint; 1
répondraient; 1
savais; 2
endurer; 1
retirèrent; 1
cessa; 2
vus; 1
famille; 6
yeux; 11
ornements; 1
alertes; 1
perdit; 2
ne; 183
garantir; 1
despotisme; 1
verrou; 1
baobab; 1
guidé; 2
quartier; 2
bientôt; 10
pardonnerai; 1
vendirent; 1
épouse; 1
bouteilles; 1
blanche; 1
rougeâtre; 1
révolte; 2
tortueux; 1
empara; 1
vouloir; 2
pouvais; 1
retint; 1
sortant; 1
âge; 1
sillons; 1
arrivait; 3
artillerie; 2
poussaient; 1
bruit; 14
demandé; 1
poussa; 2
lâcheté; 1
chassait; 1
malheureux; 8
cultivaient; 1
sauvages; 1
débris; 3
vivre; 4
criait; 2
énorme; 6
présenta; 2
essayai; 1
agité; 2
mettant; 1
corsaires; 1
reçus; 1
espagnoles; 1
croisa; 2
mal; 4
dormaient; 1
dévoué; 2
préparai; 1
tué; 1
compagnon; 1
élevé; 2
descendîmes; 1
rask; 37
capote; 1
bande; 1
incendiée; 1
guides; 1
question; 4
fer; 1
diable; 3
trompette; 1
remercier; 1
coup; 10
lianes; 7
nord; 1
plaies; 1
le; 1
tomba; 5
noirs; 24
montrant; 1
fameuse; 1
milices; 11
ici; 9
mégarde; 1
préparaient; 1
absolument; 1
oua; 3
nature; 1
bornait; 1
faim; 2
décourager; 1
tyrans; 1
rêverie; 2
précisément; 1
escorte; 1
pourrait; 1
revu; 1
sommet; 2
pardonné; 1
couvertes; 1
racines; 1
racontant; 1
ricanement; 1
premier; 7
menaient; 1
vingt; 4
dernier; 5
prolongea; 1
triste; 1
tournait; 1
débiteur; 1
pain; 1
scène; 7
retracer; 1
venger; 3
immobile; 2
entrai; 5
jette; 1
goa; 1
interrompit; 7
misérable; 1
horriblement; 1
disposai; 1
conduira; 1
ouest; 1
fétiches; 1
engloutit; 1
hauteur; 1
henri; 13
pu; 9
chèvrefeuille; 1
halliers; 1
regardai; 2
jappement; 1
cocotiers; 1
déposai; 1
étincelaient; 1
éclats; 1
gamboa; 4
premières; 2
grises; 1
environ; 1
douze; 2
cependant; 8
profitait; 1
éclairé; 1
formés; 1
français; 6
entr’ouvrit; 1
faut; 3
gagerais; 1
impitoyables; 1
élever; 2
représentais; 1
gonfla; 1
eu; 4
niveau; 1
tendant; 1
août; 1
nourris; 1
assemblée; 2
avaient; 10
arrivai; 4
ours; 2
joue; 1
accrochant; 1
désolées; 1
pilier; 1
santo; 1
forcé; 1
après; 2
compris; 1
tressaillis; 2
montagne; 2
virent; 1
étendu; 1
révoltés; 2
tomber; 4
suffit; 1
communication; 1
bassesse; 1
recouvrai; 1
pouvions; 1
grosse; 1
chrétiens; 1
camp; 15
seul; 13
éteignit; 1
touché; 2
contraint; 1
égards; 1
prévenir; 1
écarter; 1
voûte; 2
caressant; 1
oreilles; 2
devenait; 1
secours; 2
commençâmes; 1
sacerdotaux; 1
jeune; 12
lancer; 1
provisions; 1
enrichir; 1
avancé; 1
explication; 1
escarpés; 1
transports; 1
part; 3
anima; 1
poursuivîmes; 1
saisit; 1
situées; 1
enfin; 19
nageai; 1
rentrer; 1
rendirent; 1
étions; 5
partant; 1
heureuse; 1
rassis; 1
prononcer; 1
extrémité; 1
pris; 7
né; 1
gens; 1
acul; 9
saccagé; 1
apparaîtra; 1
envoyer; 2
frappé; 2
ricaner; 2
or; 1
grondant; 1
herbes; 1
doigt; 2
horrible; 2
fatale; 1
dérobèrent; 1
entièrement; 4
adossé; 1
honneur; 1
forêts; 3
petits-fils; 1
rassemblée; 1
pénétrer; 1
heures; 6
commencèrent; 1
commence; 1
rare; 1
cachais; 1
remarqué; 3
embrassai; 1
ri; 1
foule; 1
botte; 2
trente; 1
déroula; 1
caresse; 1
avoua; 1
saute; 1
généralissime; 1
sorcier; 1
obéi; 1
baignait; 1
furent; 3
insurgés; 2
conservateur; 1
sourd; 3
écarlate; 1
esclave; 8
forte; 1
retourne; 1
soins; 1
fait; 18
accrurent; 1
église; 1
intérêt; 3
fatal; 1
traces; 3
punie; 1
mit; 11
choisis; 1
lointain; 1
souplesse; 1
pardonne; 3
cordes; 2
fuite; 2
respectueusement; 1
jésus; 1
lisait; 1
rester; 3
fidèles; 1
guide; 1
pays; 2
menaçant; 2
carnage; 2
passer; 5
causée; 1
renfermés; 1
restâmes; 1
sauté; 1
dit; 45
ambulance; 2
croyait; 5
quant; 2
frappèrent; 1
témoignai; 1
verre; 3
attendri; 2
bouchée; 1
trousses; 1
ainsi; 5
familiarises; 1
replièrent; 1
saint-domingue; 2
inconnue; 1
déployer; 1
seconde; 2
achevait; 1
poursuivit; 2
regards; 1
muets; 1
portai; 1
six; 3
rôle; 1
méritât; 1
épaissit; 1
nappes; 1
surprise; 6
goulot; 1
côtes; 2
dévastés; 1
forçait; 1
ensemble; 3
disputer; 1
maribarou; 3
entends; 1
arrivâmes; 2
premiers; 4
retour; 2
commun; 1
tragique; 1
embrasés; 1
vivants; 1
larges; 1
brigand; 1
portée; 1
possessions; 1
haut; 3
injuste; 1
environnante; 1
rejoindre; 1
agitation; 1
exemple; 1
crois; 2
unissant; 1
prenait; 1
duquel; 1
insurrection; 2
escorter; 1
apercevoir; 1
antoine; 1
queue; 2
peine; 4
oublierai; 2
respecte; 1
marchés; 1
22; 1
dôme; 2
borna; 1
frappa; 1
parierais; 2
tombé; 1
stature; 1
jargal; 30
lendemain; 2
y; 1
parût; 1
communiquait; 1
levaient; 1
remplir; 1
auprès; 3
singulier; 3
superstitions; 1
échapper; 1
surtout; 2
débattait; 1
commençaient; 3
rouler; 3
vous; 3
résolut; 1
hasarda; 1
pourtant; 6
chaleur; 2
croissaient; 1
caractères; 1
veut; 2
ii; 1
vider; 1
personne; 1
arrière; 2
obstina; 1
plant; 1
plaines; 6
attachement; 1
formaient; 2
armés; 2
troisième; 2
aboyait; 1
située; 1
pendre; 1
gueule; 1
étendard; 2
remettre; 1
poussée; 1
confiai; 2
voyions; 1
ordonne; 1
centre; 1
redoutable; 2
rappeler; 2
profonde; 3
calme; 5
oh; 1
corde; 1
bourse; 1
reçois; 1
accrut; 1
achevant; 1
éleva; 3
épais; 1
soleil; 10
créancier; 1
efforçait; 1
déjà; 6
gros; 1
broussaille; 2
silence; 12
vitesse; 1
différents; 1
curiosité; 4
ouvrit; 3
prières; 3
introduisant; 1
toits; 1
arrive; 1
attendait; 2
étonnait; 4
efforça; 1
coin; 3
dépouillait; 1
commandement; 1
êtes; 3
prendre; 2
pavillon; 1
très; 5
trouvaient; 1
soy; 2
jeter; 2
guider; 1
pressai; 1
mienne; 2
donc; 8
semblable; 1
devoir; 3
fussent; 1
déclaré; 1
plaintif; 1
remarquai; 3
entrais; 1
joyeux; 3
colon; 3
regretter; 1
écroulements; 1
aujourd’hui; 4
embrasées; 1
gestes; 1
tués; 1
résolus; 3
déclare; 1
causes; 1
mornes; 1
enchanté; 1
mataperros; 1
désespérés; 1
cheval; 1
séminariste; 1
vivement; 5
suppliai; 1
été; 12
gravis; 1
lune; 1
flancs; 1
marchions; 1
appétit; 1
interrompre; 1
mêlait; 2
boire; 1
toi; 8
oignons; 1
domaines; 2
répandait; 1
éclaircissant; 1
vu; 7
tourna; 2
rendait; 1
barreaux; 2
profiter; 1
charge; 1
position; 3
entrée; 2
objet; 1
dessous; 2
phrases; 2
amèrement; 1
prairies; 1
impétueux; 1
répondent; 1
accourait; 1
fuyards; 1
titre; 1
excès; 1
exprimé; 1
arrêtèrent; 1
moyen; 1
sortir; 2
leva; 10
étendre; 1
croisés; 2
grimper; 1
meure; 1
diables; 1
répondu; 1
sotte; 1
genres; 1
mornet; 5
tardera; 1
chevaux; 1
articuler; 2
retins; 1
détacha; 2
contracta; 1
combats; 1
entendions; 1
détail; 1
rochers; 5
violent; 1
lieue; 1
férocité; 1
sourit; 1
assez; 6
livraient; 1
parcourus; 1
dire; 14
plate; 3
reconnaître; 3
attaché; 1
chien; 36
animal; 1
lus; 1
verts; 1
gibraltar; 2
bourg; 1
colossale; 1
traversé; 1
rébellion; 1
nègres; 14
froid; 2
ciel; 2
machinalement; 2
beaucoup; 4
voué; 1
grand-diable; 1
ombre; 2
agréable; 1
camarades; 8
offrit; 3
salut; 1
fis; 8
délia; 1
milieu; 14
commandeurs; 1
tombèrent; 2
tristement; 3
offensé; 1
eus; 1
éprouver; 1
haleine; 1
près; 5
prostituée; 1
fût; 1
amitié; 2
victimes; 1
élança; 1
compresses; 1
convulsif; 1
dix; 11
croix; 2
visiter; 2
maisons; 2
deviner; 1
langage; 2
ruine; 1
épée; 1
littéraire; 1
faisait; 6
sautant; 1
tourbillons; 1
ingrat; 5
chose; 7
magnifique; 1
imprégnait; 1
rivière; 1
nuage; 1
venir; 1
approcherai; 1
cachés; 1
oublié; 1
vaincre; 1
activité; 1
concevoir; 1
pleine; 1
satisfaire; 2
livides; 1
châtiments; 1
non; 11
pratique; 2
obéit; 1
atteints; 1
tenons; 1
jeux; 2
resta; 3
produite; 1
épouser; 1
chut; 2
baie; 1
peu; 9
peignit; 2
oublie; 1
pâlir; 1
rebelles; 6
dieu; 7
plumes; 1
occupaient; 1
caressait; 1
maître; 14
tiraient; 1
arrêtez; 1
verdure; 3
vais; 4
surveiller; 1
voulussent; 1
compagnies; 1
vanité; 1
importe; 3
paroisse; 1
teinte; 1
espoir; 1
courte; 1
douce; 1
connaissait; 1
apparentes; 1
monstre; 1
formée; 1
finesse; 1
peau; 2
tuer; 2
muet; 2
massifs; 1
cherchant; 1
pleuré; 2
sortirent; 1
malade; 1
bref; 3
grand; 18
cases; 2
sourcil; 1
ton; 28
prosternèrent; 2
accourir; 1
entraînerait; 1
futiles; 1
liâmes; 1
platanes; 1
naître; 1
troupe; 2
écrasés; 1
massacrant; 1
sourde; 1
issue; 2
rentra; 3
plaisait; 1
cher; 2
grande-rivière; 5
conserva; 1
souviens; 1
conviendrez; 2
tourbillon; 1
bois; 4
passais; 1
occupé; 1
particuliers; 1
chantant; 1
rudement; 1
monsieur; 15
clairement; 1
enrôler; 1
au-dessus; 1
rongée; 1
faudrait; 2
cascade; 1
parents; 1
brigands; 1
vît; 1
sueur; 2
morte; 1
prêter; 1
pierre; 2
sauvage; 2
plume; 3
originale; 1
rapporter; 1
supplice; 1
batteries; 1
puis; 2
donnèrent; 1
ctonnement; 1
fusil; 1
belle; 2
inutiles; 1
événements; 2
soldats; 10
rapprocha; 1
femme; 2
enfonce; 1
coulait; 2
couronnaient; 1
regardais; 1
lança; 1
vrai; 6
entrâmes; 2
torrents; 3
couverte; 1
forts; 1
forcés; 1
craintes; 2
œil; 6
donnai; 1
bleuâtres; 1
reculant; 1
époux; 1
redoutant; 1
légèrement; 1
consternation; 1
appliquaient; 1
dauphin; 2
douloureuse; 2
parlai; 1
cinquante; 1
ouanaminte; 3
port-au-prince; 1
formait; 2
vin; 2
collines; 1
battaient; 1
ténèbres; 2
bons; 1
retrouver; 1
brusquement; 5
messages; 1
vieilles; 1
philibert; 8
portaient; 1
quitté; 2
couronné; 1
nombreuses; 1
décrire; 3
contenir; 2
simple; 2
entendu; 2
bleue; 1
effrayants; 1
générosité; 3
absolu; 1
oppressé; 1
renvoya; 1
troublé; 1
lanches; 1
accusais; 1
cartouches; 1
gouffre; 2
servit; 1
parlait; 1
semblait; 7
voit; 1
corps; 3
troncs; 2
chancela; 1
signes; 1
traverse; 1
vides; 1
fie; 1
réellement; 1
rouges; 4
inconnus; 1
laissé; 5
quinze; 1
planta; 1
malin; 1
vida; 4
aidés; 1
col; 1
ardeur; 1
fleurs; 2
lumière; 3
contrastait; 1
voulu; 3
emportés; 1
hochant; 1
coucher; 5
dis; 2
aperçus; 2
propose; 1
jaunâtre; 1
agilité; 1
combien; 1
jusqu’; 7
sommets; 2
dépouilles; 2
repris; 4
domingo; 1
brossé; 1
va; 2
aperçut; 1
petite; 1
brûlant; 1
embrasée; 1
juste; 2
donne; 1
donner; 6
sonna; 1
fierté; 1
pause; 2
négligence; 1
heure; 7
vastes; 2
épouvantable; 2
tel; 4
passés; 1
siège; 1
dorés; 1
succédèrent; 1
approchons; 1
fuir; 4
paresse; 1
percés; 1
préparèrent; 1
présentai; 1
écoutait; 2
treille; 1
plaine; 2
ouvrage; 4
édifice; 1
physionomie; 1
dérobaient; 1
piqué; 1
étourdi; 1
marchais; 1
croire; 2
portait; 1
provenir; 1
su; 1
miens; 5
autour; 7
côté; 8
haute; 1
étincelles; 1
détachait; 1
enveloppé; 3
mentonnière; 1
purent; 1
tableau; 1
douzaine; 1
lève; 2
assis; 4
tristesse; 1
perdu; 5
cadavres; 1
entendait; 1
roche; 4
vivant; 1
dédain; 1
fit; 19
fois; 8
ouverts; 1
fidèle; 1
voulant; 1
abondante; 1
scellés; 1
arriva; 3
sienne; 1
bizarre; 2
maréch; 1
désirez; 1
assaillants; 1
relations; 1
ci; 1
tremblants; 1
paon; 1
épouvante; 1
débusquer; 1
égypte; 1
dernières; 5
cap; 13
gorges; 1
roc; 7
désespoir; 3
compter; 1
esquivé; 1
redoublâmes; 2
entendre; 9
mer; 2
expédition; 1
reconnu; 1
belzébuth; 1
certitude; 1
crains; 1
vie; 13
effort; 2
dois; 5
vécu; 1
précédé; 1
redoutables; 1
engloutir; 2
violents; 1
coloniale; 2
intitulé; 1
rive; 1
excitée; 1
précaution; 1
ordinairement; 1
disparut; 3
pique; 1
retentirent; 1
te; 6
quoiqu’; 1
gai; 1
sifflent; 1
signifiait; 1
cassée; 1
maltraitée; 1
pratiquée; 1
allongée; 1
m.colas; 1
abandonnés; 1
comprit; 5
incendie; 5
appris; 3
laissée; 1
rouge; 13
appelait; 2
intérieurement; 1
eut; 2
étonnement; 2
emportant; 1
couché; 2
retenir; 1
prononçant; 1
courba; 1
avenir; 1
offert; 1
rocher; 2
fille; 1
accouriez; 1
secourir; 1
forme; 4
offrait; 3
bataillon; 1
tache; 1
grimoire; 1
noire; 1
enleva; 2
france; 1
croyant; 4
étant; 1
presque; 3
tête; 15
ressouvins; 1
rudesse; 2
raison; 2
onces; 1
femmes; 1
prononcés; 1
dévoraient; 1
désir; 1
gardé; 1
louis; 1
doute; 9
promit; 1
lieues; 1
conteurs; 1
services; 1
veux; 2
pria; 1
retournèrent; 1
intercession; 1
éclaircit; 1
franchîmes; 1
placée; 1
rafraîchir; 1
permît; 1
clartés; 1
citait; 1
canada; 1
facilité; 1
calmait; 1
autrement; 4
première; 8
maudits; 1
sanglants; 1
voulurent; 1
maîtres; 2
inquiétait; 1
européens; 1
négociant; 1
espère; 1
rembrunirent; 2
reconnaissant; 1
ressorts; 1
servait; 2
éclairée; 1
reverrai; 1
vêtement; 1
pioches; 1
atteindre; 1
berval; 2
vallon; 1
paraît; 1
tenant; 2
occasion; 2
chantonnait; 1
naturel; 1
obstinait; 1
collier; 1
remit; 1
admiration; 1
recula; 1
propriétés; 2
opérer; 1
malheur; 4
bien; 32
épaules; 2
morne; 6
chiens; 1
rangée; 1
sorte; 3
odyssée; 1
roulèrent; 1
commença; 1
violemment; 2
ouverte; 1
voler; 1
perçant; 1
défenses; 1
coco; 2
sauta; 4
cime; 1
tome; 1
rues; 1
spectacle; 1
colonnes; 1
fort; 22
prêt; 9
passé; 1
endroit; 6
nègre; 17
tiendraient; 1
tant; 4
détresse; 1
entrant; 1
es; 3
réservés; 1
possibles; 1
peur; 1
radoucit; 1
battu; 1
notes; 1
arides; 1
distraction; 1
réflexions; 4
lion; 2
impénétrables; 1
insensibilité; 1
miliciens; 1
jugé; 1
rencontrai; 1
soupçons; 2
placer; 1
patte; 3
espèce; 3
laissait; 1
trop; 3
continuant; 1
gémissiez; 1
pleurâtes; 1
trouvâmes; 1
humidité; 2
engagea; 1
ébranla; 1
jugeai; 1
sortis; 1
arriver; 1
déliez; 1
tranquille; 1
connaissance; 1
vive; 2
allons; 4
habitations; 4
front; 2
irrésistible; 1
crut; 1
frais; 1
remplit; 1
éveillés; 1
continua; 6
inclinés; 1
soupir; 1
faisant; 2
branches; 3
général; 5
rond; 1
cataracte; 1
avis; 1
canon; 4
pendait; 1
insolence; 1
lassitude; 2
habitué; 2
tumulte; 3
aurais; 6
mener; 1
accabler; 1
blanches; 1
conjurai; 1
fallu; 2
trouvais; 1
doutez; 1
auparavant; 1
blessure; 1
desséché; 1
liberté; 3
tracés; 1
train; 1
précipitèrent; 1
basse; 2
mirent; 1
vigueur; 1
combat; 1
pûmes; 1
prisons; 1
linge; 1
gardes; 3
apporté; 1
rocs; 3
enfoncer; 1
grêle; 1
pratiqua; 2
clin; 3
venait; 4
lueur; 5
éloignaient; 1
proclamer; 1
estimait; 1
anecdote; 1
vallée; 6
commençais; 1
hommes; 2
bas; 1
larmes; 4
avons; 1
résistance; 2
triomphant; 2
oncles; 1
gourde; 1
criai; 3
gauche; 8
quelque; 2
sept; 2
élargir; 1
petite-anse; 2
major; 5
riche; 1
rêvai; 1
rade; 1
obtenir; 2
gravir; 1
approcher; 1
montrèrent; 1
galifet; 5
cuirassiers; 1
attacher; 1
fut; 17
partit; 1
ancien; 1
manquât; 1
briller; 1
sont; 4
plantations; 6
instances; 1
grande; 6
remords; 1
intéresse; 1
trou; 2
cris; 4
jetâmes; 1
offrir; 1
limbé; 8
grade; 1
mouchoir; 1
fatigue; 1
continuait; 1
passait; 2
alfred; 4
attendez; 1
conservée; 1
dressa; 1
retourna; 6
faisaient; 3
manteau; 2
richesse; 1
pouvaient; 1
colossal; 1
découvrir; 2
brave; 2
manières; 1
tiens; 6
connais; 1
eau-de-vie; 2
plupart; 2
même; 19
monts; 1
prononça; 1
aide; 1
coula; 1
armée; 8
négligent; 1
disparaître; 1
écrit; 1
carabine; 1
butin; 1
reprises; 1
auriez; 1
accablé; 1
torture; 2
clef; 1
morts; 1
tournai; 1
fus; 5
droit; 5
peut-être; 2
apportées; 1
nulle; 1
pièce; 2
meurtre; 1
quartiers; 1
secouait; 1
palmiers; 3
idées; 1
sensations; 1
jets; 1
manifesta; 3
dépit; 1
frottant; 1
incendiant; 1
absent; 1
inflexible; 1
cents; 2
chanter; 2
moment; 25
contraire; 1
confié; 1
reconnut; 3
croupe; 1
jointe; 1
quitte; 1
forêt; 1
proie; 1
vécut; 2
enfants; 4
mots; 4
enveloppée; 2
réponds; 1
tumultueusement; 1
plongé; 2
sauvé; 2
caché; 1
entrecoupées; 1
pistolets; 1
hermosa; 1
noir; 26
régiment; 1
pareil; 1
jeta; 5
mettre; 3
conduisirent; 1
maudis; 1
murmurer; 1
distingués; 1
île; 2
approchèrent; 1
dénué; 1
vivras; 1
parti; 1
humanité; 2
entraînèrent; 2
étiez; 1
déchargeai; 1
chamois; 1
revoir; 1
expirer; 1
perfide; 1
contrabandista; 2
augmentèrent; 1
répondit; 2
sourire; 5
malagrida; 1
nerveux; 1
aperçût; 1
marchandé; 1
tranquilles; 1
coûte; 2
annonçaient; 1
faire; 24
moyens; 4
comprenais; 1
gagné; 1
avança; 4
détachement; 3
garde; 6
lécha; 1
débarrassé; 1
quoique; 5
heureusement; 1
caresser; 3
prisonnier; 7
blancs; 5
débarrasse; 1
mariaient; 1
taille; 3
crié; 1
voyais; 1
errai; 1
secret; 2
diversion; 1
1820; 1
aperçu; 2
germain; 1
bords; 1
montra; 3
promena; 1
débats; 1
dirigeai; 1
perdre; 3
profondément; 1
étonner; 1
sur-le-champ; 2
états; 1
pics; 1
apercevait; 2
voûtes; 1
descends; 1
postée; 1
diantre; 1
funeste; 1
retirer; 1
revenu; 1
diriger; 2
secouant; 1
jeté; 1
manchot; 3
rendre; 3
reprendre; 2
palmier; 2
cueillie; 1
incendiées; 1
courage; 2
berceau; 2
eusse; 1
vivacité; 2
reprit; 14
mangliers; 1
jours; 8
annoncer; 4
couvert; 5
sautèrent; 1
incendiaient; 1
pâleur; 1
enlevé; 1
portugais; 1
fers; 2
dondon; 3
heureux; 2
toutes; 4
suivant; 2
pêcher; 1
tremblait; 1
barbare; 1
paroles; 12
espérance; 1
armes; 4
entendant; 1
irrité; 3
créanciers; 1
eau; 4
frapper; 2
bonne; 2
rêvant; 1
sentis; 2
positions; 1
suite; 2
sépara; 1
cachot; 5
maigreur; 1
souvent; 6
nom; 5
quitter; 3
récit; 5
porté; 1
courus; 1
apportait; 1
gigantesque; 2
sentimentale; 1
évasion; 2
surprit; 1
réfugier; 1
témoin; 1
roi; 3
devient; 1
presse; 1
traits; 9
empêchait; 2
érable; 1
sachant; 2
fini; 2
taisais; 1
ceinture; 1
ignorait; 1
trompais; 1
parle; 1
pleuvoir; 1
garda; 2
garnison; 2
profit; 1
cruauté; 4
ressemblais; 1
suivre; 6
pureté; 1
moqueur; 1
parais; 1
histoire; 1
cannes; 2
aboutir; 1
serais; 1
assurance; 1
quelques-uns; 1
amusait; 1
échos; 2
reposâmes; 1
odier; 1
bord; 6
profond; 1
éternellement; 1
refrain; 1
couchèrent; 1
altéra; 1
esprit; 2
expression; 5
cinq; 1
semble; 3
demi-circulaire; 1
nommé; 3
que; 4
point; 6
viens; 5
secondaire; 1
balthazar; 1
malheureuse; 2
subjugué; 1
crime; 3
mont; 3
santé; 2
flottait; 4
arrêta; 7
offenser; 1
excité; 1
fournir; 1
pleins; 2
surmonté; 2
vieil; 2
fureur; 2
haies; 4
indignation; 1
cachots; 1
excusa; 1
arborer; 1
padilla; 1
éclore; 1
pus; 2
fier; 2
; 78
parole; 8
tente; 6
jouir; 1
épisode; 1
brillant; 1
caillou; 1
observait; 1
compagnie; 5
habitude; 2
police; 1
phénomène; 1
approchai; 1
pâle; 1
évanouit; 1
tronc; 1
sortaient; 1
bouteille; 2
fâcher; 2
duel; 1
horreur; 3
préoccupé; 1
désirait; 1
essayerais; 1
rêveur; 2
dorer; 1
prononçait; 2
vents; 1
sergent; 23
paniers; 3
attendrit; 1
plongèrent; 1
indien; 1
cimes; 1
savoir; 1
forçaient; 1
permission; 10
sacrifiés; 1
craignait; 1
vient; 3
ignoble; 1
aigri; 1
approche; 3
empêchèrent; 1
tue; 1
maux; 1
parler; 2
guida; 1
travail; 1
bastonnade; 1
long; 4
entendras; 1
eh; 5
vieillard; 3
probablement; 1
autorité; 1
appareil; 1
transformer; 1
plaisant; 1
remarquable; 1
père; 6
pente; 1
enfant; 3
attroupement; 1
auraient; 2
farouche; 1
désordre; 1
prends; 1
froncer; 1
garni; 1
madère; 1
pressé; 3
pressaient; 1
fracas; 2
lamentables; 1
bandes; 3
trouveras; 1
mort; 18
souvenirs; 2
souterraine; 1
vague; 1
cesser; 1
contint; 2
grave; 1
féroce; 1
grosses; 2
touffes; 3
connaissiez; 1
casse; 1
italie; 1
triple; 1
promis; 6
décrirai; 1
faible; 3
lierre; 1
sauva; 1
sens; 5
rameaux; 1
rideau; 2
suivrait; 1
captif; 3
poursuivre; 2
restai; 1
portant; 1
eût; 4
présentent; 1
laissa; 2
chute; 1
caisse; 1
vexations; 1
conduire; 2
proférer; 2
imaginait; 1
visage; 9
transporta; 1
montré; 1
inspiré; 1
mourrait; 1
majeure; 1
descendre; 1
french; 3
taillis; 3
place; 8
sursaut; 1
accuse; 1
guérites; 1
blessé; 1
publier; 1
joint; 1
soustraire; 1
